1000.000000	1234567890123456789

1100.000000	1234567890123456790

1200.000000	1234567890123456791

1300.000000	1234567890123456792

1400.000000	1234567890123456793

1500.000000	1234567890123456794

1600.000000	1234567890123456795

1700.000000	1234567890123456796

1800.000000	1234567890123456797

1900.000000	1234567890123456798

2000.000000	1234567890123456799

2100.000000	1234567890123456800

2200.000000	1234567890123456801

2300.000000	1234567890123456802

2400.000000	1234567890123456803

2500.000000	1234567890123456804

2600.000000	1234567890123456805

2700.000000	1234567890123456806

2800.000000	1234567890123456807

2900.000000	1234567890123456808

3000.000000	1234567890123456809

3100.000000	1234567890123456810

3200.000000	1234567890123456811

3300.000000	1234567890123456812

3400.000000	1234567890123456813

3500.000000	1234567890123456814

3600.000000	1234567890123456815

3700.000000	1234567890123456816

3800.000000	1234567890123456817

3900.000000	1234567890123456818

4000.000000	1234567890123456819

4100.000000	1234567890123456820

4200.000000	1234567890123456821

4300.000000	1234567890123456822

4400.000000	1234567890123456823

4500.000000	1234567890123456824

4600.000000	1234567890123456825

4700.000000	1234567890123456826

4800.000000	1234567890123456827

4900.000000	1234567890123456828

5000.000000	1234567890123456829

5100.000000	1234567890123456830

5200.000000	1234567890123456831

5300.000000	1234567890123456832

5400.000000	1234567890123456833

5500.000000	1234567890123456834

5600.000000	1234567890123456835

5700.000000	1234567890123456836

5800.000000	1234567890123456837

5900.000000	1234567890123456838

6000.000000	1234567890123456839

6100.000000	1234567890123456840

6200.000000	1234567890123456841

6300.000000	1234567890123456842

6400.000000	1234567890123456843

6500.000000	1234567890123456844

6600.000000	1234567890123456845

6700.000000	1234567890123456846

6800.000000	1234567890123456847

6900.000000	1234567890123456848

7000.000000	1234567890123456849

7100.000000	1234567890123456850

7200.000000	1234567890123456851

7300.000000	1234567890123456852

7400.000000	1234567890123456853

7500.000000	1234567890123456854

7600.000000	1234567890123456855

7700.000000	1234567890123456856

7800.000000	1234567890123456857

7900.000000	1234567890123456858

8000.000000	1234567890123456859

8100.000000	1234567890123456860

8200.000000	1234567890123456861

8300.000000	1234567890123456862

8400.000000	1234567890123456863

8500.000000	1234567890123456864

8600.000000	1234567890123456865

8700.000000	1234567890123456866

8800.000000	1234567890123456867

8900.000000	1234567890123456868

9000.000000	1234567890123456869

9100.000000	1234567890123456870

9200.000000	1234567890123456871

9300.000000	1234567890123456872

9400.000000	1234567890123456873

9500.000000	1234567890123456874

9600.000000	1234567890123456875

9700.000000	1234567890123456876

9800.000000	1234567890123456877

9900.000000	1234567890123456878

10000.000000	1234567890123456879

10100.000000	1234567890123456880

10200.000000	1234567890123456881

10300.000000	1234567890123456882

10400.000000	1234567890123456883

10500.000000	1234567890123456884

10600.000000	1234567890123456885

10700.000000	1234567890123456886

10800.000000	1234567890123456887

10900.000000	1234567890123456888

11000.000000	1234567890123456889

11100.000000	1234567890123456890

11200.000000	1234567890123456891

11300.000000	1234567890123456892

11400.000000	1234567890123456893

11500.000000	1234567890123456894

11600.000000	1234567890123456895

11700.000000	1234567890123456896

11800.000000	1234567890123456897

11900.000000	1234567890123456898

12000.000000	1234567890123456899

12100.000000	1234567890123456900

12200.000000	1234567890123456901

12300.000000	1234567890123456902

12400.000000	1234567890123456903

12500.000000	1234567890123456904

12600.000000	1234567890123456905

12700.000000	1234567890123456906

12800.000000	1234567890123456907

12900.000000	1234567890123456908

13000.000000	1234567890123456909

13100.000000	1234567890123456910

13200.000000	1234567890123456911

13300.000000	1234567890123456912

13400.000000	1234567890123456913

13500.000000	1234567890123456914

13600.000000	1234567890123456915

13700.000000	1234567890123456916

13800.000000	1234567890123456917

13900.000000	1234567890123456918

14000.000000	1234567890123456919

14100.000000	1234567890123456920

14200.000000	1234567890123456921

14300.000000	1234567890123456922

14400.000000	1234567890123456923

14500.000000	1234567890123456924

14600.000000	1234567890123456925

14700.000000	1234567890123456926

14800.000000	1234567890123456927

14900.000000	1234567890123456928

15000.000000	1234567890123456929

15100.000000	1234567890123456930

15200.000000	1234567890123456931

15300.000000	1234567890123456932

15400.000000	1234567890123456933

15500.000000	1234567890123456934

15600.000000	1234567890123456935

15700.000000	1234567890123456936

15800.000000	1234567890123456937

15900.000000	1234567890123456938

16000.000000	1234567890123456939

16100.000000	1234567890123456940

16200.000000	1234567890123456941

16300.000000	1234567890123456942

16400.000000	1234567890123456943

16500.000000	1234567890123456944

16600.000000	1234567890123456945

16700.000000	1234567890123456946

16800.000000	1234567890123456947

16900.000000	1234567890123456948

17000.000000	1234567890123456949

17100.000000	1234567890123456950

17200.000000	1234567890123456951

17300.000000	1234567890123456952

17400.000000	1234567890123456953

17500.000000	1234567890123456954

17600.000000	1234567890123456955

17700.000000	1234567890123456956

17800.000000	1234567890123456957

17900.000000	1234567890123456958

18000.000000	1234567890123456959

18100.000000	1234567890123456960

18200.000000	1234567890123456961

18300.000000	1234567890123456962

18400.000000	1234567890123456963

18500.000000	1234567890123456964

18600.000000	1234567890123456965

18700.000000	1234567890123456966

18800.000000	1234567890123456967

18900.000000	1234567890123456968

19000.000000	1234567890123456969

19100.000000	1234567890123456970

19200.000000	1234567890123456971

19300.000000	1234567890123456972

19400.000000	1234567890123456973

19500.000000	1234567890123456974

19600.000000	1234567890123456975

19700.000000	1234567890123456976

19800.000000	1234567890123456977

19900.000000	1234567890123456978

20000.000000	1234567890123456979

20100.000000	1234567890123456980

20200.000000	1234567890123456981

20300.000000	1234567890123456982

20400.000000	1234567890123456983

20500.000000	1234567890123456984

20600.000000	1234567890123456985

20700.000000	1234567890123456986

20800.000000	1234567890123456987

20900.000000	1234567890123456988

21000.000000	1234567890123456989

21100.000000	1234567890123456990

21200.000000	1234567890123456991

21300.000000	1234567890123456992

21400.000000	1234567890123456993

21500.000000	1234567890123456994

21600.000000	1234567890123456995

21700.000000	1234567890123456996

21800.000000	1234567890123456997

21900.000000	1234567890123456998

22000.000000	1234567890123456999

22100.000000	1234567890123457000

22200.000000	1234567890123457001

22300.000000	1234567890123457002

22400.000000	1234567890123457003

22500.000000	1234567890123457004

22600.000000	1234567890123457005

22700.000000	1234567890123457006

22800.000000	1234567890123457007

22900.000000	1234567890123457008

23000.000000	1234567890123457009

23100.000000	1234567890123457010

23200.000000	1234567890123457011

23300.000000	1234567890123457012

23400.000000	1234567890123457013

23500.000000	1234567890123457014

23600.000000	1234567890123457015

23700.000000	1234567890123457016

23800.000000	1234567890123457017

23900.000000	1234567890123457018

24000.000000	1234567890123457019

24100.000000	1234567890123457020

24200.000000	1234567890123457021

24300.000000	1234567890123457022

24400.000000	1234567890123457023

24500.000000	1234567890123457024

24600.000000	1234567890123457025

24700.000000	1234567890123457026

24800.000000	1234567890123457027

24900.000000	1234567890123457028

25000.000000	1234567890123457029

25100.000000	1234567890123457030

25200.000000	1234567890123457031

25300.000000	1234567890123457032

25400.000000	1234567890123457033

25500.000000	1234567890123457034

25600.000000	1234567890123457035

25700.000000	1234567890123457036

25800.000000	1234567890123457037

25900.000000	1234567890123457038

26000.000000	1234567890123457039

26100.000000	1234567890123457040

26200.000000	1234567890123457041

26300.000000	1234567890123457042

26400.000000	1234567890123457043

